Run 1

Params:      f_p  i_n1 i_n2 	label  s123
  
1	1712 0.85 0.20 0.15     1 2.0  1 1.0	
2	659  0.95 1.60 1.70     1 3.0  1 0.0	!
3	666  0.95 1.70 1.60     1 5.0  1 2.0	!
4	1719 0.85 0.15 0.20     1 3.5  1 3.5	
5	1453 0.90 1.20 1.30     1 1.5  1 1.5	

Look over: 2, 3

-------------------------------------------------
Run 2

Params:      f_p  i_n1 i_n2 	label  s123
1	671  0.95  1.6 1.70     1 	0.0  1 7.0	!
2	666  0.95  1.7 1.60     1 	5.0  1 2.0	!
3	1464 0.90  1.3 1.20     1	3.5  1 3.5
4	1714 0.85  0.2 0.15     1	1.0  1 2.0
5	1449 0.90  1.2 1.30     1 	2.0  2 0.0	!

Look over: 1, 2, 5

--------------------------------------------------
Run 3

Params:      f_p  i_n1 i_n2 	label  s123
1	150  0.95 0.61 0.50     1 	1.5  1 1.5
2	1509 0.85 0.15 0.20     1 	6.0  1 1.0	! no phytoplankton :/
3	896  0.90 0.30 0.25     1 	1.0  1 6.0
4	1284 0.90 1.30 1.20     1 	2.0  1 5.0	fine, but maybe move in_1 further away
5	570  0.95 1.70 1.60     1 	1.5  1 1.5	!

Look over: 2, 5

-----------------------------------------------------------------
Changes: (0.95) 1.2->1.3 to 1.2->1.4; (0.9) 1.6->1.7 to 1.5->1.8
-----------------------------------------------------------------

Run 4

Params:      f_p  i_n1 i_n2 	label  s123
1	1220 0.90 1.40 1.20     1  	1  1  2		! seems on the edge
2	548  0.95 1.80 1.50     1  	1  1  2		   
3	1428 0.85 0.20 0.15     1  	1  1  6	            ~try this on in the opposite direction
4	835  0.90 0.25 0.30     1  	2  1  5		    ~needs about 1/4 to go from 0 to not
5	559  0.95 1.50 1.80     1  	1  1  6		    

Look over: 1

------------------------------------------------
Run 5

Params:      f_p  i_n1 i_n2 	label  	s123
1	1412 0.85 0.20 0.15     1 	1.5 1.5  1
2	949  0.90 0.45 0.55     1 	6.0 1.0  1
3	1404 0.85 0.20 0.15     1 	1.0 2.0  1
4	557  0.95 1.50 1.80     1 	6.0 1.0  1
5	5    0.85 0.15 0.20     1 	6.0 1.0  1 	! doesnt have time to go from p=0

Look over: 5


------------------------------------------------
Run 6

Params:      f_p  i_n1 i_n2 	label  	s123
1	945  0.90 0.45 0.55     1 	5.0 1.0 2.0
2	944  0.90 0.55 0.45     1 	3.5 1.0 3.5
3	1426 0.85 0.20 0.15     1 	6.0 1.0 1.0
4	545  0.95 1.50 1.80     1 	1.0 1.5 1.5

Look over: none!

------------------------------------------------
